1 2 3 4 5 6 7 8 9 10 11 12 13 14 15 16 17 18 19 20 21 22 23 24 25 26 К1
1 1 1 1 2 2 1 1 2 2 1 1 1 2 2 1 2 2 1 1 3 2 2 3 3 3 1
1 1 1 1 3 2 1 1 3 2 1 1 1 3 2 1 2 3 1 1 0 0 0 0 0 0 0
1900 940
0.0013997760358342667
36 40 18 30
1612 -10 3
110 140 10 677 206
110 210 10 677 276
110 280 10 677 346
110 350 10 677 416
110 420 10 677 486
110 490 10 677 556
110 560 10 677 626
110 630 10 677 696
110 700 10 677 766
110 770 10 677 836
938 140 10 1505 206
938 210 10 1505 276
938 280 10 1505 346
938 350 10 1505 416
938 420 10 1505 486
938 490 10 1505 556
938 560 10 1505 626
938 630 10 1505 696
938 700 10 1505 766
938 770 10 1505 836
