1 2 3 4 5 6 7 8 9 10 11 12 13 14 15 16 17 18 19 20 21 22 23 24 25 26 К1
1 1 1 1 2 2 1 1 2 2 1 1 1 2 2 1 2 2 1 1 3 2 2 3 3 3 1
1 1 1 1 3 2 1 1 3 2 1 1 1 3 2 1 2 3 1 1 0 0 0 0 0 0 0
1900 820
0.0016046213093709885
36 40 10 20
1660 -10 3
182 120 10 672 140
182 180 10 672 200
182 240 10 672 260
182 300 10 672 320
182 360 10 672 380
182 420 10 672 440
182 480 10 672 500
182 540 10 672 560
182 600 10 672 620
182 660 10 672 680
918 120 10 1408 140
918 180 10 1408 200
918 240 10 1408 260
918 300 10 1408 320
918 360 10 1408 380
918 420 10 1408 440
918 480 10 1408 500
918 540 10 1408 560
918 600 10 1408 620
918 660 10 1408 680
